x; 0,0;0,1;0,2;0,30000000000000004;0,4;0,5;0,6000000000000001;0,7000000000000001;0,8;0,9;1,0;
0,0; 0,0;0,09531017980432493;0,1823215567939546;0,26236426446749106;0,3364722366212129;0,4054651081081644;0,47000362924573563;0,5306282510621705;0,5877866649021191;0,6418538861723947;0,6931471805599453;
0,005000000000000001; 0,024768563076397885;0,09907425230559154;0,1809080865373184;0,2599149802557729;0,3340233055507912;0,4032337687049662;0,46798155305274497;0,5286851850145424;0,5855026848810839;0,6377522247055553;0,6817984415963478;
0,010000000000000002; 0,03849388208750261;0,10443840219721467;0,18111122209017297;0,2581903130888404;0,33182006975364264;0,4010433548241478;0,4658858121330163;0,5265367876024271;0,5828909682476072;0,6340217156258341;0,6776914448446187;
0,015000000000000003; 0,04660126295580473;0,10941728764821372;0,1821910832426208;0,2571246011419236;0,3299266951473927;0,3989420399403619;0,46375475496575946;0,5243053556566433;0,5803930924559593;0,6314850776719795;0,6775037869802906;
0,020000000000000004; 0,051684124967546416;0,1135339739585762;0,18361719557033096;0,25655264183750603;0,32834416949584605;0,39697064585109276;0,4616543340278013;0,5221371803285936;0,5782836759732866;0,6302113386526338;0,67959152329329;
0,025000000000000005; 0,05504173542017285;0,11679869174559857;0,18508508364506907;0,2563072516940158;0,32703863945598216;0,39515896713822063;0,459655937394715;0,5201561143850368;0,5766941594882454;0,6300531716213718;0,6830958496919742;
0,030000000000000006; 0,05735834986940226;0,11934992863726335;0,18644398118845396;0,2562558288264143;0,3259648307291717;0,39352621517830827;0,4578220957076201;0,518450292862742;0,5756668469732742;0,6308287760538642;0,6875419139994394;
0,035; 0,05901328347571518;0,1213364341640562;0,18763259590598297;0,25630598708296776;0,3250796947730595;0,3920831305509267;0,4562003970740307;0,5170742663299559;0,575196082520309;0,6323763698047316;0,6926518445908889;
0,04000000000000001; 0,060227759774466316;0,12288447214643491;0,18863726048316087;0,25639937797424267;0,32434827724787435;0,39083434147113577;0,4548228275348155;0,5160561745200649;0,5752533378855325;0,634565011981447;0,6982539704307926;
0,04500000000000001; 0,06113724900245743;0,12409347646089708;0,18946771254826103;0,25650285276582535;0,32374494256655495;0,3897803630046458;0,45370782650975666;0,5154052879647498;0,575800976309113;0,6372919415006372;0,704236765730542;
0,05000000000000001; 0,06182859309996499;0,1250398743949451;0,19014395155802127;0,25660050674061796;0,3232523698728;0,38891908761747207;0,45286325458779675;0,5151182777142016;0,5767992803395096;0,6404768910256109;0,71052440076166;
0,05500000000000001; 0,062359861543659134;0,12578225997470655;0,19068942956527685;0,25668755517035824;0,32285977763492024;0,3882468156237229;0,45228930962502706;0,5151839137007921;0,5782097897497378;0,6440566846191402;0,7170631666756013;
0,06000000000000001; 0,06277140648579738;0,12636590285587126;0,19112768498827462;0,25676597796667355;0,32256111653770314;0,3877589329142984;0,45198098387204466;0,5155863833238259;0,5799967220216748;0,6479809252633979;0,7238136097936365;
0,06500000000000002; 0,0630922563827486;0,1268262125593996;0,19148078814310732;0,2568415700364805;0,3223535360694676;0,38745034116598354;0,4519299627658697;0,516307542153406;0,5821274392001023;0,652208770603654;0,7307457926877181;
0,07; 0,06334394612179568;0,12719127172168554;0,19176871564614725;0,25692201457668884;0,3222362025876472;0,3873157236349646;0,45212600962024396;0,5173283893142718;0,5845724633300314;0,6567065856056493;0,7378363378852577;
0,07500000000000001; 0,06354288667770101;0,1274836544672127;0,1920091877477787;0,2570156652316075;0,3222094440252737;0,3873497056941928;0,4525579314815683;0,5186300009915927;0,5873052938562586;0,6614462477733792;0,7450665260259599;
0,08000000000000002; 0,06370187528674365;0,1277217277915726;0,19221772694512132;0,2571308044933553;0,32227416056508484;0,3875469497164368;0,45321422691227675;0,5201940949695337;0,5903021509826726;0,6664039212486392;0,752421038465126;
0,08500000000000002; 0,06383108481758543;0,12792058869685438;0,19240781438668692;0,2572752149596506;0,322431436465205;0,3879022097709997;0,4540835031859204;0,5220033491481283;0,5935417034675252;0,6715591627566274;0,7598871050617061;
0,09000000000000002; 0,06393872919753008;0,12809274715494942;0,1925910820285588;0,257455952185912;0,3226822967957879;0,3884103620668297;0,4551547319295316;0,5240415592794558;0,5970048068920352;0,6768942613536345;0,767453913009248;
0,09500000000000001; 0,06403152253688972;0,12824863175249873;0,19277751016320632;0,2576792448432091;0,32302756483780604;0,38906642091643934;0,4564173946942919;0,5262936940016649;0,6006742627534561;0,6823937432280894;0,7751121874516327;
0,10000000000000002; 0,06411500399506498;0,12839697090648045;0,19297561612585942;0,25795047327054454;0,32346778726990055;0,3898655461334455;0,4578615554310028;0,528745886201982;0,6045346013735953;0,6880439937854871;0,7828538873121744;
0,10500000000000002; 0,0641937734632663;0,12854508586293523;0,1931926281755137;0,2582741945874008;0,32400320363300045;0,3908030454047999;0,4594778857193082;0,5313853866104272;0,6085718883184368;0,6938329639161291;0,7906719797751058;
0,11000000000000001; 0,06427166680419;0,1286991202902274;0,1934346426308491;0,2586541938821417;0,32463374372291626;0,3918743737435223;0,46125766044157324;0,5342004965841542;0,6127735526741893;0,6997499374757298;0,7985602693964717;
0,11500000000000002; 0,06435188928891498;0,12886422354727994;0,19370676431975004;0,259093548470022;0,32535904179605435;0,3930751312683629;0,46319273579035275;0,5371804910099016;0,6171282350809452;0,7057853439655004;0,8065132658295973;
0,12000000000000002; 0,06443711951417008;0,12904469947885033;0,1940132313066713;0,2595946971083349;0,3261784601866242;0,3944010600460532;0,4652755174608629;0,5403155382166929;0,6216256533861052;0,7119306051658376;0,8145260793462444;
0,12500000000000003; 0,06452959201977451;0,1292441290507579;0,19435752522555644;0,26015950923812525;0,3270911175102747;0,39584804042972516;0,4674989241165194;0,5435966211146267;0,6262564839086016;0,7181780077475695;0,822594336750001;
0,13000000000000003; 0,06463116419332282;0,12946547273374226;0,19474246864013037;0,2607893513756664;0,3280959183862847;0,3974120871489231;0,46985634934995746;0,5470154620178678;0,6310122564922601;0,7245205961339695;0,8307141125484793;
0,13500000000000004; 0,06474337132214301;0,12971115690192642;0,1951703108180781;0,26148514909012527;0,32919158279109023;0,3990893453016662;0,4723416241177283;0,5505644524693323;0,6358852617238651;0,730952081441608;0,8388818717746279;
0,14; 0,06486747250622332;0,12998314738060723;0,1956428032123528;0,26224744383264775;0,33037667393798764;0,40087608633712235;0,4749489808071695;0,5542365886560991;0,6408684688785625;0,737466763410421;0,8470944218799055;
0,14500000000000002; 0,06500448937592047;0,13028301249123525;0,19616126582780613;0,26307644439528355;0,33164962408803256;0,40276870408087123;0,4776730195612078;0,5580254125496208;0,645955453325077;0,744059462993562;0,8553488718283295;
0,15000000000000002; 0,06515523903481876;0,13061197738743413;0,1967266455324472;0,2639720730867424;0,3330087580239554;0,40476371083301416;0,4805086771463587;0,5619249586300049;0,6511403322744193;0,7507254638175184;0,8636425970085306;
0,15500000000000003; 0,06532036228745969;0,13097097108020123;0,19733956725847696;0,26493400688881225;0,33445231412328713;0,4068577335564254;0,4834511984363861;0,5659297058964015;0,6564177078892098;0,7574604611115995;0,8719732089221516;
0,16000000000000003; 0,0655003479595086;0,13136066726311502;0,19800037893254901;0,2659617139501272;0,3359784630903352;0,40904751016463925;0,4864961104553709;0,5700345347840722;0,6617826168881147;0,7642605169899668;0,8803385288485537;
0,16500000000000004; 0,06569555393873816;0,13178151983593547;0,1987091908787737;0,2670544858140612;0,3375853244772167;0,4113298859141351;0,4896391988500456;0,5742346885753056;0,6672304858830324;0,7711220211805944;0,8887365648594118;
0,17000000000000004; 0,06590622543557736;0,13223379386483314;0,19946591035188424;0,2682114657851564;0,33927098116061893;0,4137018099028861;0,49287648662265515;0,578525738887643;0,672757091777306;0,7780416564555165;0,8971654916835713;
0,17500000000000004; 0,06613251086636783;0,1327175925943166;0,20027027178123225;0,26943167382684396;0,34103349195583066;0,4161603316752409;0,49620421493936107;0,582903554836893;0,6783585266329248;0,7850163681401945;0,9056236330168205;
0,18000000000000005; 0,0663744756905137;0,13323288102931916;0,20112186323812975;0,27071402836073544;0,34287090255112396;0,4187025979320991;0,4996188258267904;0,5873642754963405;0,6840311664847856;0,7920433371769522;0,9141094459426345;
0,18500000000000003; 0,06663211447742964;0,1337795065286912;0,20202014957869688;0,2720573653098368;0,3447812549391795;0,4213258493446333;0,5031169465751555;0,5919042853024078;0,6897716436417949;0,7991199562952007;0,9226215071851037;
0,19000000000000003; 0,0669053614358543;0,1343572167885579;0,2029644926609949;0,273460454698028;0,3467625955114434;0,42402741746938644;0,506695375676836;0,5965201920876464;0,6955768220689339;0,8062438089044995;0,931158500958663;
0,19500000000000003; 0,06719409960346774;0,13496567554216238;0,20395416898806593;0,27492201508811154;0,34881298196832417;0,42680472176229844;0,5103510701420968;0,6012088074524168;0,7014437754922773;0,8134126503788252;0,9397192082140241;
0,20000000000000004; 0,06749816886659524;0,13560447625944547;0,20498838508686187;0,2764407261118702;0,35093048918439596;0,42965526668906506;0,5140811340472675;0,6059671292158114;0,7073697679111444;0,8206243914442115;0,9483024971080514;
0,20500000000000004; 0,06781737295653006;0,1362731540929298;0,2060662908962983;0,2780152393185396;0,35311321415411967;0,4325766389291472;0,5178828081843392;0,6107923257136744;0,7133522362387354;0,8278770834189786;0,9569073145487565;
0,21000000000000005; 0,06815148554955631;0,13697119628516513;0,20718699140524457;0,27964418754321657;0,3553592801305426;0,43556650467071434;0,5217534606940205;0,6156817217366891;0,7193887748253872;0,835168905087389;0,9655326786862118;
0,21500000000000005; 0,06850025558129615;0,13769805122607195;0,2083495567526614;0,28132619297408457;0,3576668400572438;0,4386226069938054;0,525690578576549;0,6206327859243493;0,7254771216474702;0,8424981510147573;0,9741776722367815;
0,22000000000000003; 0,0688634118719588;0,13845313632524292;0,20955303097686898;0,2830598740769102;0,3600340793826027;0,44174276333901297;0,5296917599858384;0,6256431194512428;0,7316151459704341;0,8498632211355535;0,9828414365422655;
0,22500000000000003; 0,0692406671469892;0,1392358448440392;0,2107964395786818;0,28484385151695;0,36245921833529793;0,4449248630590361;0,5337547072228206;0,6307104458605697;0,7378008373169727;0,8572626114664529;0,9915231662777323;
0,23000000000000004; 0,06963172152716798;0,1400455518146935;0,2120787960435276;0,2866767532020534;0,36494051373078584;0,4481668650504941;0,5378772203531184;0,6358326019163381;0,7440322955910943;0,864694905814094;1,000222104732376;
0,23500000000000004; 0,07003626555313996;0,1408816191582239;0,21339910745036855;0,2885572185561951;0,36747626037030495;0,45146679546345314;0,5420571913825196;0,6410075293603887;0,750307722226359;0,8721587683628591;1,0089375395968891;
0,24000000000000005; 0,07045398280143716;0,1417434000994687;0,21475637927998992;0,29048390211975395;0,3700647920866357;0,45482274548617896;0,5462925989311738;0,6462332674734768;0,7566254122419556;0,8796529370416278;1,0176687991988378;
0,24500000000000005; 0,07088455214214734;0,142630242965715;0,2161496195217753;0,29245547656140636;0,37270448248434235;0,4582328692026917;0,5505815033540665;0,651507946351227;0,7629837471038877;0,887176217580413;1,0264152491345084;
0,25000000000000006; 0,07132764968232261;0,14354149444499575;0,21757784216623036;0,2944706351763752;0,3753937454164575;0,46169538152077017;0,55492204226124;0,6568297808160563;0,769381188300531;0,8947274781782926;1,0351762892518137;
0,25500000000000006; 0,07178295043390939;0,14447650237099233;0,21904007016006835;0,29652809393682034;0,3781310352344628;0,46520855616811574;0,5593124263964598;0,6621970648952435;0,7758162715524017;0,9023056447133012;1,0439513509442184;
0,26000000000000006; 0,07225012974031443;0,14543461809343894;0,22053533789145677;0,2986265931522515;0,3809148468439084;0,4687707237544567;0,563750935837687;0,6676081668033713;0,782287601585311;0,9099096964330691;1,0527398947203628;
0,26500000000000007; 0,07272886449161994;0,14641519848585094;0,222062693264906;0,30076489879085955;0,3837437155940293;0,472380269897441;0,5682359164868211;0,6730615243744695;0,7887938474043141;0,9175386620721653;1,0615414080182088;
0,2700000000000001; 0,0732188341548523;0,1474176076361693;0,22362119941812292;0,3029418035065104;0,38661621702619964;0,4760356334102297;0,5727657768198371;0,6785556408954764;0,7953337380131296;0,9251916163484135;1,0703554032361942;
0,2750000000000001; 0,07371972164253354;0,14844121826042955;0,22520993612684614;0,30515612741070924;0,38953096650297;0,4797353045487714;0,5773389848716564;0,6840890812981801;0,8019060585301112;0,9328676767960056;1,0791814159570847;
0,28; 0,07423121403994991;0,14948541287473255;0,22682800093812117;0,3074067186240599;0,3924866187366998;0,48347782331679945;0,5819540654329552;0,6896604686717089;0,80850964665752;0,9405660008981491;1,088019003343066;
0,28500000000000003; 0,07475300320910933;0,1505495847565375;0,2284745100675756;0,30969245363752257;0,3954818672343948;0,487261777826657;0,5866095974386344;0,6952684810619704;0,8151433894658291;0,9482857834863057;1,0968677426830955;
0,29000000000000004; 0,07528478628519264;0,15163313872255188;0,23014859909193988;0,31201223751005647;0,3985154436732407;0,49108580271411684;0,5913042115299125;0,7009118485282643;0,8218062204592038;0,956026254376893;1,1057272300757572;
0,29500000000000004; 0,07582626607939344;0,15273549174718848;0,23184942346425674;0,3143650039259587;0,40158611721946497;0,49494857760541966;0,5960365877739802;0,7065893504306757;0,8284971168921937;0,9637866762196918;1,1145970792327877;
0,30000000000000004; 0,07637715140035986;0,15385607344265254;0,2335761588758733;0,3167497151323272;0,40469269380151807;0,49884882563481514;0,6008054535269034;0,712299812924838;0,835215097311097;0,9715663425351628;1,1234769203901709;
0,30500000000000005; 0,07693715730496961;0,15499432641915872;0,2353280014863603;0,3191653617745358;0,4078340153471287;0,5027853120109427;0,6056095814270115;0,7180421066432967;0,8419592192964991;0,9793645759205056;1,132366399315198;
0,31000000000000005; 0,07750600528786522;0,15614970654152166;0,23710416803990397;0,32161096264537364;0,41100895899251894;0,5067568426304447;0,6104477875073748;0,7238151445450315;0,8487285773861576;0,987180726406601;1,1412651763992356;
0,31500000000000006; 0,07808342341802627;0,15732168309637465;0,238903895884429;0,3240855643615335;0,4142164362709578;0,5107622627372598;0,6153189294171917;0,729617879916757;0,8555223011597732;0,9950141699500212;1,1501729258271094;
0,32000000000000006; 0,07866914642964369;0,15850973888252223;0,24072644290769596;0,32658824097940364;0,4174553922868516;0,5148004556260872;0,6202219047429778;0,7354493045114405;0,8623395534692704;1,0028643070460943;1,1590893348150646;
0,32500000000000007; 0,07926291577366915;0,15971337023538923;0,24257108740284328;0,32911809356059196;0,4207248048807172;0,5188703413885738;0,6251556494214038;0,7413084468110857;0,8691795288000576;1,010730561450604;1,1680141029101696;
0,33000000000000007; 0,07986447963562766;0,16093208699517236;0,24443712787428332;0,33167424969627435;0,42402368378963007;0,5229708757008114;0,6301191362364678;0,7471943704022518;0,8760414517503681;1,0186123789991057;1,1769469413448475;
0,3350000000000001; 0,08047359292459028;0,16216541242710575;0,246323882793488;0,33425586299827953;0,4273510698070815;0,5271010486507861;0,6351113733944405;0,7531061724540402;0,8829245756172166;1,02650922651409;1,1858875724409326;
0,3400000000000001; 0,08109001723759499;0,16341288310119936;0,24823069031299094;0,33686211256378856;0,4307060339456041;0,5312598836044649;0,6401314031706831;0,7590429822893866;0,8898281810787827;1,0344205907913107;1,1948357290582805;
0,3450000000000001; 0,08171352080326862;0,1646740487378845;0,2501569079458706;0,3394922024196161;0,43408767660501674;0,5354464361092427;0,6451783006230244;0,7650039600414886;0,8967515749641571;1,0423459776575745;1,20379115408352;
0,3500000000000001; 0,0823438784079307;0,1659484720251856;0,25210191221704265;0,34214536095124376;0,4374951267487003;0,5396597928335238;0,6502511723669099;0,7709882953880669;0,9036940891023804;1,05028491109314;1,2127535999550314;
0,3550000000000001; 0,08298087130704576;0,16723572841232165;0,25406509829186963;0,3448208403210715;0,4409275410899289;0,5438990705412435;0,6553491554079978;0,7769952063569278;0,9106550792435795;1,0582369324126297;1,2217228282206594;
0,3600000000000001; 0,08362428712452545;0,16853540588401028;0,25604587958687236;0,34751791587973996;0,4443841032899445;0,5481634151001804;0,6604714160282902;0,7830239381969848;0,9176339240457938;1,0662015994990317;1,230698609125074;
0,36500000000000005; 0,08427391974206117;0,1698471047191938;0,2580436873666934;0,3502358855738352;0,44786402316916757;0,5524520005229461;0,6656171487222557;0,7890737623094964;0,9246300241217607;1,0741784860859591;1,239680721224013;
0,37000000000000005; 0,08492956918038547;0,17117043723741954;0,2600579703309051;0,35297406935281417;0,451366535932681;0,5567640280395747;0,6707855751797258;0,7951439752348168;0,9316428011405484;1,0821671810838558;1,248668951022957;
0,37500000000000006; 0,08559104147411259;0,17250502753567942;0,26208819419376594;0,3557318085775741;0,45489090141090216;0,5610987252006727;0,6759759433126392;0,8012338976904327;0,938671696979458;1,0901672879463022;1,2576630926380403;
0,38000000000000006; 0,08625814854159058;0,17385051121813716;0,26413384125959916;0,3585084654327275;0,45843640331616287;0,5654553450101196;0,6811875263229703;0,8073428736564832;0,945716172922097;1,0981784240729886;1,2666629474772535;
0,38500000000000006; 0,08693070805100601;0,1752065351208429;0,2661944099960913;0,36130342234432394;0,4620023485157495;0,5698331650863484;0,6864196218094049;0,8134702695053304;0,9527757088989504;1,1062002202462775;1,2756683239401825;
0,39000000000000007; 0,08760854328381412;0,17657275703324443;0,26826941460747783;0,36411608140448426;0,46558806632181127;0,5742314868512619;0,6916715509105398;0,8196154731720875;0,9598498027671492;1,1142323200986084;1,2846790371347296;
0,3950000000000001; 0,08829148299641973;0,17794884541805067;0,27035838460929407;0,36694586380416994;0,46919290779841716;0,5786496347458764;0,6969426574825646;0,8257778933633022;0,9669379696264693;1,1222743796082764;1,2936949086094203;
0,4000000000000001; 0,08897936128090506;0,1793344791307808;0,2724608644061167;0,369792209275098;0,47281624508593545;0,5830869554718097;0,7022323073095502;0,8319569588012619;0,9740397411688928;1,1303260666213713;1,3027157661000395;
0,4050000000000001; 0,08967201742548678;0,18072934714013697;0,27457641287349954;0,3726545755416278;0,47645747074281564;0,5875428172577638;0,7075398873446201;0,8381521175016164;0,9811546650593218;1,1383870603978856;1,3117414432894776;
0,4100000000000001; 0,09036929577528544;0,18213314825016816;0,27670460294511323;0,37553243778328566;0,4801159971047738;0,5920166091501783;0,7128648049804118;0,8443628360822285;0,988282304345269;1,146457051180204;1,3207717795797762;
0,4150000000000001; 0,09107104559390337;0,18354559082504263;0,2788450212059308;0,3784252881084542;0,48379125566131465;0,5965077403272567;0,7182064873473559;0,8505885991013431;0,9954222368935597;1,154535739782358;1,3298066198754641;
0,4200000000000001; 0,09177712092623097;0,18496639251711716;0,2809972674921525;0,38133263503963133;0,4874826964494645;0,6010156394355975;0,7235643806384123;0,85682890842334;1,0025740548522613;1,1626228371985854;1,3388458143773647;
0,4250000000000001; 0,0924873804628345;0,18639527999887606;0,28316095449843537;0,38425400301056034;0,4911897874645432;0,6055397539486835;0,7289379494589956;0,863083282610474;1,0097373641362197;1,1707180642298822;1,347889218386139;
0,4300000000000001; 0,09320168740622062;0,18783198869921347;0,2853357073928811;0,38718893187544023;0,4949120140877591;0,6100795495465097;0,7343266762009124;0,8693512563391487;1,016911783934734;1,1788211511273476;1,3569366921148929;
0,4350000000000001; 0,09391990933922212;0,18927626254444724;0,2875211634401399;0,39013697643035017;0,49864887853038053;0,6146345095156538;0,7397300604392156;0,8756323798393839;1,024096946240023;1,1869318372512403;1,365988100510243;
0,44000000000000006; 0,09464191809570488;0,1907278537043753;0,2897169716329019;0,39309770594695237;0,5023998992942073;0,6192041341691157;0,745147618350948;0,8819262183562446;1,0312924953952627;1,19504987074476;1,3750433130812978;
0,44500000000000006; 0,09536758963375774;0,1921865223436212;0,29192279233197643;0,39607070371848074;0,5061646106480419;0,6237879402852722;0,7505788821548156;0,8882323516320938;1,0384980876610699;1,2031750082216601;1,3841022037360502;
0,45000000000000007; 0,0960968039114934;0,19365203637845813;0,2941382969150967;0,3990555666179758;0,509942562119845;0,6283854605653207;0,7560233995708935;0,894550373408622;1,0457133907994063;1,2113070144668632;1,393164650624727;
0,45500000000000007; 0,09682944476555969;0,1951241712392519;0,2963631674345317;0,40205190466868157;0,513733318004243;0,6329962431086004;0,7614807332995168;0,9008798909476798;1,0529380836739588;1,2194456621493426;1,4022305359896854;
0,4600000000000001; 0,09756539979243495;0,1966027096386204;0,2985970962835428;0,40505934062648746;0,5175364568850438;0,6376198509052016;0,7669504605185617;0,9072205245700116;1,0601718558661248;1,2275907315465702;1,4112997460214716;
0,4650000000000001; 0,09830456023256007;0,1980874413453704;0,30083978587168075;0,4080775095742671;0,5213515711724126;0,6422558613452956;0,7724321723983668;0,913571907211048;1,0674144073058018;1,2357420102799104;1,4203721707206998;
0,4700000000000001; 0,09904682085734053;0,19957816296424197;0,3030909483088865;0,41110605852794263;0,5251782666543499;0,6469038657446319;0,7779254736335864;0,9199336839929804;1,074665447916239;1,243899293060372;1,4294477037654294;
0,4750000000000001; 0,09979207985903582;0,20107467772146226;0,3053503050983293;0,41414464605408197;0,5290161620621131;0,6515634688856707;0,7834299819913064;0,9263055118123824;1,0819246972722623;1,2520623814441887;1,438526242383748;
0,4800000000000001; 0,10054023874354018;0,2025767952560891;0,3076175868378917;0,41719294189881906;0,5328648886492207;0,6562342885738373;0,7889453278747869;0,9326870589426972;1,089191884271237;1,2602310835977264;1,4476076872312917;
0,4850000000000001; 0,10129120222604604;0,2040843314171038;0,309892532930191;0,4202506266278768;0,5367240897836785;0,6609159552083956;0,7944711539022298;0,9390780046509493;1,0964667468161728;1,2684052140712687;1,4566919422734494;
0,4900000000000001; 0,10204487812957236;0,20559710806619735;0,3121748913010094;0,42331739127745827;0,5405934205530701;0,6656081113674656;0,8000071145000011;0,9454780388280792;1,1037490315104173;1,276584593581244;1,4657789146720221;
0,4950000000000001; 0,10280117728633095;0,20711495288617912;0,3144644181259908;0,4263929370157654;0,5444725473821544;0,670310411406712;0,8055528755097623;0,951886861632335;1,1110384933634192;1,284769048800508;1,4748685146761242;
0,5000000000000001; 0,10356001344189719;0,20863769919492686;0,31676087756545207;0,4294769748148999;0,5483611476626167;0,6750225210712583;0,8111081138089923;0,9583041831451864;1,1183348955070826;1,2929584121563058;1,483960655517125;
0,5050000000000001; 0,10432130316214515;0,2101651857647862;0,31906404150714596;0,43256922513289364;0,5522589093946288;0,6797441171203882;0,8166725169444076;0,9647297230392575;1,1256380089222497;1,301152521635576;1,4930552533074428;
0,5100000000000001; 0,10508496574290274;0,21169725664732064;0,3213736893168073;0,43566941760561667;0,5561655308398722;0,6844748869646142;0,8222457827778082;0,971163210257804;1,1329476121748927;1,309351220597267;1,5021522269430245;
0,5150000000000001; 0,10585092312227802;0,2132337610033066;0,32368960759630716;0,4387772907483074;0,560080720185689;0,6892145283147044;0,8278276191439;0,9776043827052792;1,1402634911616087;1,317554357591371;1,5112514980093412;
0,5200000000000001; 0,10661909979560497;0,21477455293786385;0,3260115899492372;0,44189259166647077;0,5640041952200309;0,6939627488422749;0,8334177435196599;0,984052986948565;1,1475854388640416;1,325761786184384;1,520352990690753;
0,5250000000000001; 0,10738942273295402;0,21631949134060613;0,3283394367537429;0,44501507577589106;0,5679356830168799;0,6987192658515666;0,8390158827048364;0,9905087779284587;1,1549132551118686;1,333973364790933;1,529456631683096;
0,5300000000000001; 0,10816182129915113;0,21786843973069647;0,33067295494242244;0,4481445065315076;0,5718749196318259;0,7034838059620361;0,8446217725131848;0,9969715186810304;1,1622467463540198;1,342188956511312;1,5385623501093624;
0,5350000000000001; 0,1089362271762474;0,21942126610668733;0,33301195778910897;0,4512806551649037;0,5758216498074906;0,7082561048014069;0,8502351574740648;1,0034409800684823;1,1695857254378035;1,350408428974692;1,5476700774383407;
0,5400000000000001; 0,1097125742883804;0,22097784280102678;0,335356264702352;0,45442330043016355;0,5797756266884949;0,7130359067088349;0,8558557905440307;1,009916940519158;1,1769300113956365;1,3586316541877805;1,5567797474061018;
0,5450000000000002; 0,11049079872896758;0,22253804633910956;0,3377057010254171;0,4575722283578547;0,5837366115456746;0,7178229644478539;0,8614834328280712;1,0163991857763692;1,1842794292390897;1,3668585083887166;1,5658912959402165;
0,5500000000000002; 0,11127083869017206;0,22410175730275306;0,34006009784262103;0,46072723201689686;0,5877043735092569;0,7226170389287813;0,8671178533101604;1,0228875086557183;1,1916338097599746;1,3750888719060006;1,5750046610865946;
0,5550000000000002; 0,11205263439458057;0,2256688601979782;0,3424192917918261;0,46388811128408425;0,591678689310717;0,72741789894027;0,8727588285928004;1,0293817088106108;1,198992989338206;1,3833226290222642;1,5841197829388498;
0,56; 0,1128361280290344;0,22723924332697645;0,34478312488291507;0,4670546726210316;0,595659343033043;0,7322253208897065;0,878406142645243;1,0358815925056648;1,206356809756195;1,3915596678427025;1,5932366035700867;
0,5650000000000001; 0,11362126368055345;0,228812798664145;0,3471514443220738;0,47022672885831984;0,5996461258691422;0,737039088552163;0,8840595865600971;1,0423869723977393;1,2137251180195299;1,3997998801679903;1,6023550669670272;
0,5700000000000001; 0,1144079872742952;0,2303894217360739;0,3495241023417105;0,47340409898662045;0,6036388358881318;0,7418589928276224;0,8897189583180312;1,048897667324308;1,2210977661837221;1,4080431613715205;1,61147511896638;
0,5750000000000001; 0,11519624651349028;0,2319690115053707;0,3519009560358447;0,4765866079545872;0,6076372778092631;0,7466848315062014;0,8953840625602977;1,0554135020989268;1,2284746111867935;1,4162894102808028;1,6205967071933771;
0,5800000000000001; 0,11598599082129761;0,23355147025820988;0,35428186720080046;0,47977408647330255;0,6116412627832354;0,7515164090411126;0,9010547103688125;1,0619343073135419;1,235855514687501;1,424538529062875;1,6297197810023938;
0,5850000000000001; 0,11677717128452297;0,23513670349549667;0,35666670218104396;0,48296637082707816;0,6156506081806636;0,7563535363291056;0,9067307190535336;1,0684599191474036;1,2432403429089967;1,4327904231135813;1,6388442914195784;
0,5900000000000001; 0,1175697405991457;0,23672461982753684;0,35905533172000836;0,48616330269040864;0,6196651373874698;0,7611960304981433;0,9124119119468922;1,074990179182358;1,2506289664877324;1,4410450009505786;1,6479701910874203;
0,5950000000000001; 0,11836365301759944;0,23831513087210632;0,36144763081575226;0,48936472895088623;0,6236846796069753;0,7660437147020752;0,9180981182050387;1,0815249342242952;1,2580212603274252;1,4493021741099408;1,6570974342111815;
0,6000000000000001; 0,11915886429775405;0,23990815115581732;0,36384347858130256;0,49257050153788845;0,6277090696684787;0,7708964179220757;0,923789172615674;1,0880640361305425;1,2654171034579056;1,4575618570462303;1,6662259765071346;
0,6050000000000001; 0,1199553316535468;0,2415035980186791;0,3662427581095349;0,4957804772568555;0,6317381478421099;0,7757539747746265;0,9294849154122444;1,0946073416430033;1,2728163788986835;1,4658239670359192;1,6753557751525334;
0,6100000000000001; 0,12075301370721225;0,24310139152175542;0,36864535634245116;0,4989945176289795;0,6357717596597559;0,7806162253258242;0,935185192094288;1,101154712226839;1,2802189735270617;1,4740884240840406;1,684486788737263;
0,6150000000000001; 0,12155187044306155;0,2447014543578217;0,3710511639447146;0,5022124887361343;0,6398097557418638;0,7854830149118092;0,9408898532537247;1,107706013914513;1,287624777950649;1,4823551508339594;1,6936189772171077;
0,6200000000000001; 0,12235186316276296;0,24630371176492874;0,3734600751813086;0,5054342610708764;0,6438519916299285;0,7903541939651096;0,9465987544068919;1,1142611171550083;1,2950336863841148;1,490624072480153;1,7027523018685786;
0,6250000000000001; 0,12315295444207663;0,2479080914427806;0,3758719877991883;0,5086597093913553;0,6478983276244803;0,7952296178467088;0,9523117558321355;1,1208198966680492;1,3024455965300448;1,4988951166839002;1,7118867252452505;
0,6300000000000001; 0,12395510808899815;0,24951452347183933;0,3782868029127979;0,511888712580976;0,6519486286283954;0,8001091466836452;0,9580287224127678;1,1273822313031554;1,3098604094637556;1,5071682134917777;1,7210222111355562;
0,6350000000000001; 0,12475828910326632;0,251122940235069;0,380704424893331;0,5151211535126592;0,6560027639953538;0,8049926452119652;0,9637495234852167;1,1339480039033658;1,3172780295219362;1,5154432952568682;1,7301587245219816;
0,6400000000000001; 0,12556246363719206;0,25273327634223564;0,38312476126161243;0,5183569189175521;0,6600606073832773;0,8098799826248493;0,9694740326921898;1,1405171011734763;1,3246983641949834;1,5237202965625858;1,7392962315416236;
0,6450000000000001; 0,12636759895776636;0,25434546855668133;0,3855477225844876;0,5215958992580443;0,6641220366125856;0,8147710324257436;0,9752021278406904;1,1470894135526382;1,3321213240229097;1,5319991541490343;1,7484346994480566;
0,6500000000000001; 0,12717366341000658;0,2559594557244936;0,38797322237460513;0,5248379886049518;0,6681869335291134;0,8196656722863305;0,9809336907647215;1,1536648350911747;1,3395468224947007;1,5402798068418089;1,7575740965744668;
0,6550000000000001; 0,12798062638150154;0,25757517870599306;0,3904011769934834;0,5280830845187302;0,672255183871534;0,8245637839091795;0,986668607192523;1,1602432633314699;1,3469747759510073;1,5485621954831585;1,7667143922980093;
0,6600000000000001; 0,1287884582681169;0,2591925803094646;0,3928315055577555;0,5313310879345904;0,6763266771431458;0,8294652528949242;0,9924067666181922;1,1668245991927984;1,3544051034900613;1,5568462628654318;1,7758555570053491;
0,6650000000000001; 0,1295971304408236;0,26081160522706054;0,39526412984848935;0,5345819030513859;0,6804013064878732;0,8343699686138154;0,9981480621775398;1,1734087468599597;1,3618377268767023;1,5651319536667267;1,7849975620593426;
0,6700000000000002; 0,1304066152136129;0,2624321999728044;0,39769897422348366;0,5378354372241516;0,6844789685703513;0,8392778240815069;1,0038923905280457;1,179995613675596;1,3692725704544189;1,5734192143886747;1,7941403797668265;
0,6750000000000002; 0,13121688581246366;0,2640543128226288;0,4001359655324427;0,5410916008601747;0,6885595634599531;0,844188715838935;1,009639651732773;1,1865851100360651;1,376709561060295;1,5817079932962783;1,803283983347469;
0,6800000000000002; 0,1320279163453269;0,26567789375638023;0,40257503303493647;0,5443503073184803;0,6926429945186353;0,8491025438361548;1,0153897491481139;1,1931771492907544;1,3841486279427728;1,5899982403597468;1,8124283469036577;
0,6850000000000002; 0,13283968177309544;0,26730289440172794;0,40501610832105595;0,5476114728126229;0,6967291682924749;0,8540192113200058;1,0211425893152382;1,1997716476447189;1,3915897026821287;1,5982899071982497;1,8215734453913777;
0,6900000000000002; 0,1336521578815263;0,26892926797991434;0,4074591252346751;0,550875016316674;0,7008179944067753;0,8589386247254773;1,0268980818551223;1,2063685240645357;1,399032719113582;1,606582947025535;1,830719254592059;
0,6950000000000002; 0,13446532125408495;0,27055696925328715;0,40990401979923496;0,5541408594743025;0,7049093854646272;0,8638606935706558;1,032656139367041;1,2129677001872636;1,4064776132529422;1,614877314597341;1,839865751085351;
0,7000000000000002; 0,13527914924568143;0,27218595447455585;0,4123507301459677;0,5574089265108451;0,7090032569488076;0,8687853303551312;1,038416677330406;1,219569100232411;1,4139243232247107;1,6231729661605478;1,8490129122227987;
0,7050000000000002; 0,13609361995726954;0,27381618133771535;0,41479919644448016;0,56067914414827;0,7130995271269098;0,8737124504617538;1,0441796140098432;1,2261726509168063;1,4213727891925596;1,631469859404011;1,8581607161023885;
0,7100000000000002; 0,1369087122112805;0,27544760893058295;0,4172493608356206;0,5639514415229392;0,717198116959596;0,8786419720616252;1,0499448703633976;1,2327782813722783;1,4288229532921028;1,6397679534110148;1,8673091415439342;
0,7150000000000002; 0,1377244055278642;0,2770801976888958;0,4197011673665533;0,5672257501060761;0,7212989500118727;0,8835738160222226;1,0557123699537678;1,2393859230660536;1,4362747595658896;1,648067208613299;1,876458168065278;
0,7200000000000002; 0,13854068010191162;0,2787139093519181;0,4221545619279692;0,5705020036268521;0,7254019523672868;0,8885079058185494;1,061482038862466;1,2459955097237785;1,4437281539005404;1,6563675867466037;1,8856077758592762;
0,7250000000000001; 0,13935751678083277;0,28034870691950786;0,4246094921933624;0,5737801379980035;0,7295070525449476;0,8934441674472133;1,0672538056068066;1,252606977255081;1,4511830839659599;1,6646690508076776;1,8947579457715438;
0,7300000000000001; 0,14017489704306552;0,2819845546105965;0,42706590756030494;0,5770600912438986;0,7336141814192825;0,8983825293433358;1,0730276010596342;1,2592202636815877;1,4586394991565548;1,6729715650127115;1,9039086592789358;
0,7350000000000001; 0,1409928029772914;0,28362141782303457;0,4295237590936539;0,5803418034309713;0,7377232721424342;0,9033229223002004;1,078803358371696;1,2658353090673158;1,4660973505343908;1,681275094757138;1,913059898468739;
0,7400000000000001; 0,14181121726233523;0,28525926309475813;0,4319829994706281;0,5836252166004466;0,7418342600692157;0,9082652793915478;1,0845810128965745;1,2724520554513579;1,4735565907742254;1,6895796065767619;1,9222116460185463;
0,7450000000000001; 0,14263012314772605;0,2868980580662337;0,4344435829276926;0,5869102747032804;0,7459470826845358;0,9132095358964311;1,0903605021180927;1,2790704467827902;1,4810171741103524;1,6978850681101694;1,9313638851768016;
0,7500000000000001; 0,14344950443489782;0,28853777144413917;0,4369054652091916;0,590196923537242;0,7500616795332153;0,918155629226548;1,0961417655801144;1,2856904288577244;1,4884790562852026;1,706191448062381;1,9405165997439822;
0,7550000000000001; 0,14426934545900894;0,29017837296624005;0,4393686035176729;0,5934851106860684;0,7541779921521167;0,9231034988559677;1,1019247448186582;1,2923119492584356;1,495942194499635;1,7144987161696996;1,9496697740544022;
0,7600000000000001; 0,14508963107135994;0,2918198333674219;0,44183295646584764;0,5967747854606229;0,758295964004507;0,9280530862531722;1,1077093832962466;1,2989349572944975;1,5034065473648723;1,7228068431657222;1,9588233929586178;
0,7650000000000001; 0,14591034662239033;0,2934621243468415;0,4442984840301319;0,6000658988419909;0,7624155404165858;0,9330043348153381;1,1134956263384226;1,305559403945859;1,5108720748560178;1,7311158007484684;1,9679774418064124;
0,7700000000000001; 0,14673147794523494;0,29510521853615906;0,44676514750571833;0,6033584034264504;0,7665366685161014;0,9379571898047834;1,119283421072356;1,312185241807795;1,5183387382671067;1,7394255615485963;1,9771319064303416;
0,7750000000000001; 0,14755301133982165;0,29674908946881673;0,4492329094631271;0,6066522533722548;0,7706592971729914;0,942911598287508;1,1250727163674739;1,3188124250376756;1,5258065001676382;1,7477360990986632;1,986286773129823;
0,7800000000000001; 0,14837493355749298;0,29839371155032857;0,45170173370618794;0,609947404348169;0,7747833769419781;0,9478675090737606;1,1308634627780485;1,3254409093034853;1,5332753243605415;1,7560473878034042;1,9954420286557488;
0,7850000000000001; 0,1491972317861338;0,3000390600295493;0,45417158523140616;0,6132438134836996;0,7789088600070546;0,9528248726605629;1,1366556124876759;1,3320706517340437;1,540745175841528;1,7643594029109857;2,004597660195607;
0,7900000000000001; 0,15001989363578905;0,3016851109708886;0,4566424301886669;0,6165414393209668;0,783035700127801;0,9577836411761282;1,142449119255586;1,338701610870864;1,548216020759783;1,7726721204852118;2,0137536553590927;
0,7950000000000002; 0,15084290712475487;0,3033318412274414;0,4591142358432334;0,6198402417681588;0,787163852587468;0,9627437683261112;1,1482439383647207;1,3453337466216002;1,5556878263799518;1,780985517378642;2,022910002164193;
0,8000000000000002; 0,15166626066612796;0,3049792284150021;0,46158697053899767;0,6231401820545218;0,791293274142772;0,9677052093416297;1,1540400265715245;1,351967020215027;1,5631605610453825;1,7892995712065995;2,0320666890237327;
0,8050000000000002; 0,1524899430547979;0,30662725088693565;0,4640606036629407;0,6264412226868319;0,7954239229753433;0,9726679209289977;1,1598373420573878;1,3586013941575044;1,5706341941425757;1,797614260322034;2,041223704732361;
0,8100000000000002; 0,15331394345486793;0,30827588770987596;0,4665351056107646;0,629743327407301;0,7995557586447759;0,9776318612211159;1,165635844381692;1,3652368321908777;1,5781086960668103;1,8059295637912118;2,0503810384539696;
0,8150000000000002; 0,1541382513874901;0,3099251186402245;0,46901044775365586;0,6330464611528699;0,8036887420432215;0,982596989730464;1,1714354944364032;1,3718732992517644;1,585584038188899;1,8142454613702117;2,059538679709524;
0,8200000000000002; 0,15496285671910093;0,3115749241014235;0,47148660240614415;0,6363505900158414;0,8078228353514816;0,9875632673036419;1,1772362544021577;1,3785107614321823;1,5930601928230428;1,8225619334821905;2,068696618365296;
0,8250000000000002; 0,15578774965004494;0,31322528516197784;0,4739635427950195;0,639655681205812;0,8119580019965456;0,9925306560774072;1,1830380877057998;1,3851491859414762;1,6005371331957408;1,8308789611954017;2,0778548446214846;
0,8300000000000002; 0,15661292070357263;0,3148761835142006;0,47644124302927404;0,6429617030128565;0,8160942066105281;0,9974991194361646;1,1888409589793159;1,3917885410694992;1,6080148334157292;1,839196526201936;2,0870133490012126;
0,8350000000000002; 0,15743836071520104;0,3165276014536589;0,4789196780710333;0,6462686247719263;0,8202314149909589;1,0024686219708527;1,194644834020123;1,3984287961510073;1,615493268444908;1,847514610797166;2,096172122339884;
0,8400000000000002; 0,15826406082242478;0,3181795218592971;0,4813988237074459;0,6495764168284199;0,8243695940623813;1,007439129439188;1,2004496797526651;1,4050699215312266;1,6229724140702262;1,8558331978598628;2,105331155774894;
0,8450000000000002; 0,1590900124547661;0,3198319281742148;0,4838786565234989;0,652885050504889;0,8285087118392173;1,0124106087272173;1,206255464191276;1,4117118885325561;1,6304522468764955;1,8641522708329743;2,114490440735677;
0,8500000000000002; 0,15991620732415246;0,3214848043870777;0,4863591538757288;0,65619449806884;0,8326487373898531;1,017383027812138;1,2120621564042646;1,4183546694223688;1,637932744220098;1,8724718137050322;2,1236499689340826;
0,8550000000000002; 0,16074263741561162;0,32313813501414157;0,4888402938667993;0,6595047327015978;0,836789640801912;1,0223563557263435;1,217869726479186;1,424998237381871;1,6454138842035602;1,8807918109921737;2,132809732355071;
0,8600000000000002; 0,16156929497827277;0,3247919050818678;0,4913220553209152;0,6628157284681947;0,8409313931486677;1,027330562522652;1,2236781454892536;1,4316425664759906;1,652895645650967;1,8891122477207563;2,141969723247711;
0,8650000000000002; 0,1623961725166644;0,3264461001101121;0,49380441776004846;0,6661274602882514;0,8450739664565676;1,0323056192406836;1,229487385460862;1,4382876316242568;1,6603780080841835;1,8974331094105432;2,151129934116478;
0,8700000000000002; 0,16322326278229898;0,32810070609586717;0,49628736138094554;0,669439903907818;0,8492173336738238;1,0372814978743419;1,235297419342176;1,4449334085726382;1,667860951699863;1,9057543820584466;2,160290357712837;
0,8750000000000002; 0,16405055876553465;0,32975570949754063;0,49877086703289353;0,6727530358721424;0,8533614686400401;1,0422581713403705;1,2411082209727584;1,451579873866311;1,6753444573472098;1,9140760521228022;2,1694509870271053;
0,8800000000000001; 0,16487805368770514;0,33141109721975126;0,5012549161962185;0,6760668334993358;0,8575063460568402;1,0472356134479444;1,2469197650541963;1,4582270048233241;1,6828285065064774;1,9223981065081654;2,1786118152805805;
0,8850000000000001; 0,16570574099350907;0,333066856598626;0,5037394909614924;0,6793812748549065;0,8616519414594621;1,0522137988692617;1,252732027121696;1,4648747795091293;1,6903130812681728;1,9307205325506078;2,187772835917929;
0,8900000000000001; 0,16653361434364994;0,33472297538758167;0,5062245740094247;0,6826963387271321;0,8657982311892908;1,0571927031111068;1,2585449835166136;1,4715231767119554;1,6977981643129496;1,9390433180034976;2,196934042599825;
0,8950000000000001; 0,16736166760771864;0,33637944174357476;0,5087101485914169;0,6860120046032437;0,8699451923672938;1,0621723024873497;1,264358611359892;1,4781721759189903;1,7052837388921591;1,9473664510237474;2,2060954291958357;
0,9000000000000001; 0,16818989485731045;0,33803624421380457;0,5111961985107583;0,6893282526463949;0,8740928028683335;1,067152574092351;1,2701728885263712;1,4848217572933495;1,7127697888090465;1,9556899201585187;2,215256989777534;
0,9050000000000001; 0,16901829035936883;0,33969337172285446;0,51368270810444;0,6926450636733886;0,8782410412963247;1,0721334957752435;1,275987793619947;1,4914719016518025;1,7202562984005643;1,9640137143323613;2,2244187186118434;
0,9100000000000001; 0,16984684856974858;0,34135081356025665;0,516169662225569;0,6959624191331397;0,8823898869602127;1,0771150461150618;1,2818033059495475;1,4981225904432343;1,7277432525197849;1,9723378228347772;2,2335806101546023;
0,9150000000000001; 0,17067556412699098;0,34300855936846675;0,5186570462263626;0,6992803010858456;0,8865393198507405;1,0820972043966912;1,2876194055059005;1,5047738057278162;1,7352306365188954;1,9806622353081966;2,2427426590443367;
0,9200000000000002; 0,17150443184630415;0,34466659913123465;0,5211448459417009;0,7025986921828438;0,8906893206179832;1,0870799505876083;1,293436072939068;1,5114255301568627;1,74271843623275;1,988986941736346;2,251904860096241;
0,9250000000000002; 0,17233344671374173;0,3463249231623586;0,5236330476732234;0,7059175756471333;0,8948398705496223;1,0920632653153897;1,2992532895367197;1,5180777469533524;1,7502066379629637;1,997311932433003;2,2610672082963577;
0,9300000000000002; 0,1731626038805733;0,34798352209480976;0,5261216381739485;0,7092369352545376;0,8989909515499352;1,0970471298459592;1,3050710372031225;1,5247304398930905;1,7576952284625347;2,0056371980311214;2,2702296987959456;
0,9350000000000002; 0,17399189865784043;0,34964238687021504;0,5286106046334001;0,7125567553154885;0,9031425461194785;1,102031526062555;1,3108892984388234;1,5313835932864932;1,7651841949209686;2,0139627294723117;2,279392326906037;
0,9400000000000002; 0,17482132651109183;0,3513015087286865;0,5310999346632241;0,7158770206574099;0,9072946373354387;1,1070164364453876;1,3167080563210012;1,5380371919609706;1,7726735249498948;2,0222885179966728;2,288555088092173;
0,9450000000000002; 0,17565088305529247;0,3529608791989862;0,5335896162832794;0,7191977166076828;0,9114472088326321;1,1120018440519681;1,3225272944844655;1,5446912212438915;1,7801632065691586;2,0306145551329537;2,297717977969311;
0,9500000000000002; 0,17648056404989987;0,3546204900890146;0,536079637908186;0,7225188289771706;0,9156002447851305;1,116987732498087;1,3283469971032815;1,551345666946108;1,7876532281933675;2,0389408326890446;2,306880992296903;
0,9550000000000002; 0,17731036539410308;0,3562803334766126;0,538569988334318;0,7258403440442877;0,9197537298884912;1,1219740859394167;1,3341671488730014;1,5580005153460255;1,795143578618884;2,047267342742776;2,316044126974132;
0,9600000000000002; 0,17814028312221825;0,3579404017006669;0,5410606567272241;0,7291622485395935;0,9239076493425746;1,1269608890537222;1,33998773499348;1,5646557531741947;1,8026342470112473;2,055594077633027;2,325207378035309;
0,9650000000000002; 0,17897031339923614;0,3596006873525081;0,5435516326094625;0,7324845296308936;0,9280619888349249;1,1319481270236567;1,3458087411522577;1,5713113675984136;1,8101252228930074;2,0639210299511204;2,334370741645421;
0,9700000000000002; 0,17980045251651616;0,3612611832675924;0,5460429058488372;0,7358071749088315;0,9322167345247019;1,1369357855201263;1,3516301535084903;1,5779673462093193;1,8176164961319596;2,0722481925325056;2,3435342140958233;
0,9750000000000002; 0,1806306968876224;0,3629218825174573;0,548534466647022;0,7391301723729562;0,93637187302714;1,1419238506862004;1,357451958677409;1,584623677006455;1,8251080569297722;2,080575558448715;2,3526977918000767;
0,9800000000000002; 0,18146104304429683;0,3645827784019425;0,5510263055285586;0,7424535104182478;0,9405273913985203;1,1469123091215532;1,3632741437152915;1,5912803483847955;1,8325998958109804;2,088903120999582;2,36186147128992;
0,9850000000000002; 0,18229148763256517;0,366243864441667;0,5535184133302179;0,7457771778220874;0,9446832771216365;1,1519011478674184;1,36909669610493;1,597937349121718;1,8400920036123503;2,0972308737057226;2,3710252492113773;
0,9900000000000002; 0,18312202740897116;0,3679051343707542;0,5560107811907118;0,7491011637316571;0,9488395180917419;1,1568903543920381;1,3749196037415745;1,6045946683643997;1,847584371472589;2,1055588103012557;2,380189122320989;
0,9950000000000002; 0,18395265923693474;0,36956658212979665;0,5585034005407435;0,752425457651754;0,9529961026029581;1,1618799165765947;1,3807428549193448;1,6112522956176347;1,8550769908223956;2,1138869247267698;2,3893530874821733;
1,0000000000000002; 0,18478338008323053;0,3712282018590526;0,5609962630933865;0,7557500494330063;0,957153019335131;1,1668698227016012;1,386566438318085;1,6179102207320486;1,8625698533748403;2,122215211122521;2,3985171416617033;
